tensor([[0.1793, 0.3181, 0.3412, 0.1659, 0.4695],
        [0.3558, 0.2769, 0.1523, 0.2950, 0.5284],
        [0.3099, 0.4501, 0.4480, 0.8078, 0.4960],
        [0.6148, 0.3325, 0.2385, 0.6681, 0.5496],
        [0.6993, 0.5708, 0.3525, 0.5885, 0.6889],
        [0.4054, 0.0947, 0.1967, 0.5194, 0.3237],
        [0.3391, 0.5005, 0.8797, 0.3772, 0.3663],
        [0.2949, 0.5470, 0.5157, 0.5443, 0.3844],
        [0.4121, 0.4967, 0.4487, 0.5157, 0.8954],
        [0.2244, 0.8370, 0.3685, 0.3161, 0.6469],
        [0.5127, 0.3036, 0.6742, 0.6229, 0.7711],
        [0.8355, 0.4796, 0.6699, 0.4432, 0.4119],
        [0.8228, 0.2308, 0.0353, 0.3523, 0.5113],
        [0.2697, 0.3501, 0.1849, 0.4320, 0.4836],
        [0.7848, 0.2857, 0.2828, 0.3760, 0.3030],
        [0.2264, 0.3858, 0.3045, 0.6246, 0.2676],
        [0.3082, 0.5335, 0.3371, 0.5180, 0.1612],
        [0.3750, 0.3121, 0.1894, 0.4583, 0.4604],
        [0.1926, 0.2102, 0.2568, 0.1820, 0.2525],
        [0.8780, 0.6524, 0.7672, 0.6930, 0.2811],
        [0.6051, 0.3054, 0.1791, 0.4726, 0.6813],
        [0.5375, 0.4238, 0.2843, 0.1086, 0.3458],
        [0.1329, 0.2103, 0.6608, 0.3688, 0.6603],
        [0.5004, 0.3555, 0.5742, 0.4906, 0.3922],
        [0.9047, 0.3294, 0.4419, 0.7965, 0.1226],
        [0.7485, 0.3000, 0.4957, 0.6031, 0.1118],
        [0.3109, 0.5594, 0.2303, 0.1460, 0.3819],
        [0.2413, 0.1284, 0.1186, 0.6029, 0.6233],
        [0.8874, 0.3787, 0.7419, 0.1228, 0.2029],
        [0.1585, 0.4925, 0.2713, 0.2569, 0.3046],
        [0.2837, 0.0992, 0.2109, 0.2962, 0.4070],
        [0.6972, 0.8266, 0.8194, 0.2390, 0.9175],
        [0.2700, 0.2049, 0.0998, 0.1246, 0.1703],
        [0.1134, 0.4088, 0.4648, 0.2246, 0.5823],
        [0.6078, 0.0888, 0.2685, 0.1442, 0.2669],
        [0.2016, 0.5242, 0.6375, 0.3270, 0.6474],
        [0.1898, 0.3021, 0.3044, 0.2793, 0.7560],
        [0.2809, 0.4332, 0.6895, 0.4318, 0.6340],
        [0.2158, 0.4203, 0.2407, 0.5621, 0.7832],
        [0.3657, 0.5300, 0.1086, 0.0476, 0.3038],
        [0.2726, 0.4628, 0.1891, 0.3604, 0.1362],
        [0.1482, 0.2451, 0.1449, 0.4342, 0.3818],
        [0.1283, 0.5310, 0.2296, 0.5562, 0.5544],
        [0.7596, 0.2367, 0.6914, 0.7091, 0.3052],
        [0.1819, 0.1229, 0.4229, 0.4707, 0.4148],
        [0.1916, 0.1792, 0.1190, 0.5515, 0.5671],
        [0.5247, 0.4332, 0.3211, 0.2543, 0.3455],
        [0.0855, 0.5444, 0.0523, 0.1091, 0.2337],
        [0.5613, 0.4984, 0.6204, 0.2199, 0.8742],
        [0.5591, 0.3324, 0.1172, 0.1854, 0.3174],
        [0.4395, 0.1764, 0.1505, 0.7746, 0.1896],
        [0.0806, 0.2825, 0.2776, 0.7496, 0.5221]], grad_fn=<SigmoidBackward>)